0 0.17 0.88 0.03 0.06
0 0.07 0.67 0.04 0.07
0 0.14 0.6 0.03 0.07
0 0.12 0.55 0.03 0.07
0 0.04 0.51 0.03 0.05
0 0.15 0.49 0.02 0.07
0 0.17 0.46 0.02 0.04
0 0.15 0.43 0.02 0.05
0 0.19 0.4 0.03 0.05
0 0.22 0.44 0.02 0.04
0 0.24 0.4 0.02 0.06
0 0.26 0.47 0.02 0.04
0 0.27 0.32 0.02 0.04
0 0.26 0.37 0.01 0.02
0 0.32 0.36 0.02 0.04
0 0.06 0.32 0.02 0.04
0 0.21 0.24 0.02 0.03
0 0.23 0.22 0.01 0.02
0 0.39 0.35 0.02 0.04
0 0.43 0.27 0.01 0.05
0 0.42 0.4 0.01 0.03
0 0.46 0.38 0.02 0.04
0 0.49 0.37 0.02 0.05
0 0.51 0.37 0.02 0.05
0 0.51 0.38 0.01 0.03
0 0.51 0.34 0.01 0.03
0 0.55 0.4 0.02 0.03
0 0.53 0.49 0.02 0.08
0 0.5 0.65 0.02 0.05
0 0.4 0.65 0.02 0.05
0 0.44 0.76 0.01 0.04
0 0.35 0.88 0.02 0.04
0 0.32 0.87 0.02 0.05
0 0.44 0.97 0.02 0.05
0 0.49 0.98 0.02 0.05
0 0.34 0.99 0.02 0.06
0 0.6 0.99 0.03 0.06
0 0.67 0.88 0.02 0.05
0 0.71 0.81 0.02 0.06
0 0.67 0.76 0.02 0.04
0 0.64 0.69 0.02 0.04
0 0.57 0.67 0.02 0.03
0 0.58 0.4 0.02 0.04
0 0.6 0.38 0.02 0.04
0 0.71 0.39 0.02 0.05
0 0.73 0.46 0.03 0.04
0 0.76 0.36 0.02 0.04
0 0.8 0.38 0.02 0.03
0 0.84 0.43 0.02 0.05
0 0.83 0.52 0.02 0.06
0 0.85 0.58 0.02 0.06
0 0.85 0.72 0.03 0.06
0 0.85 0.77 0.02 0.07
0 0.78 0.78 0.02 0.07
0 0.74 0.69 0.03 0.06
0 0.99 0.64 0.02 0.07
0 0.91 0.37 0.04 0.06
0 0.87 0.4 0.02 0.05
0 0.75 0.28 0.01 0.05
0 0.74 0.26 0.02 0.03
0 0.74 0.24 0.01 0.03
0 0.67 0.27 0.03 0.03
0 0.67 0.23 0.02 0.03
0 0.65 0.24 0.01 0.04
0 0.65 0.22 0.01 0.03
0 0.64 0.23 0.01 0.04
0 0.63 0.27 0.01 0.03
0 0.6 0.24 0.02 0.04
0 0.55 0.28 0.02 0.04
0 0.53 0.25 0.02 0.04
0 0.37 0.17 0.02 0.04
0 0.43 0.16 0.01 0.03
0 0.46 0.13 0.02 0.03
0 0.53 0.14 0.01 0.03
0 0.55 0.13 0.01 0.03
0 0.56 0.14 0.01 0.02
0 0.6 0.13 0.01 0.03
0 0.61 0.12 0.01 0.02
0 0.67 0.14 0.01 0.03
0 0.67 0.12 0.01 0.02
0 0.69 0.15 0.01 0.03
0 0.69 0.12 0.01 0.02
0 0.7 0.12 0.01 0.03
0 0.72 0.17 0.01 0.03
0 0.71 0.1 0.01 0.03
0 0.8 0.1 0.02 0.02
0 0.91 0.21 0.01 0.03
0 0.85 0.24 0.01 0.03
0 0.97 0.23 0.01 0.03
0 1 0.26 0.01 0.03
0 0.97 0.28 0.01 0.03
0 0.97 0.31 0.02 0.03
0 0.95 0.15 0.01 0.03
0 0.95 0.12 0.01 0.03
0 0.58 0.13 0.01 0.03
