0 0.57 0.73 0.02 0.07
0 0.91 0.49 0.04 0.07
0 0.79 0.32 0.02 0.04
0 0.78 0.16 0.02 0.07
0 0.79 0.18 0.02 0.05
0 0.81 0.11 0.02 0.03
0 0.83 0.09 0.02 0.04
0 0.95 0.22 0.03 0.04
0 0.79 0.04 0.02 0.03
0 0.78 0.07 0.02 0.04
0 0.75 0.06 0.01 0.04
0 0.66 0.11 0.02 0.03
0 0.58 0.15 0.01 0.03
0 0.56 0.14 0.02 0.04
0 0.43 0.25 0.02 0.05
0 0.43 0.05 0.02 0.04
0 0.27 0.12 0.01 0.03
0 0.27 0.04 0.01 0.04
0 0.28 0.01 0.02 0.03
0 0.2 0.02 0.01 0.04
0 0.21 0.19 0.02 0.04
0 0.12 0.08 0.02 0.04
0 0.05 0.07 0.01 0.04
0 0.03 0.11 0.02 0.04
0 0.02 0.17 0.01 0.04
0 0.01 0.18 0.02 0.05
0 0.26 0.53 0.02 0.05
