0 0.4 0.86 0.04 0.09
0 0.18 0.91 0.03 0.08
0 0.19 0.8 0.03 0.06
0 0.13 0.8 0.04 0.08
0 0.07 0.81 0.02 0.06
0 0.12 0.64 0.02 0.06
0 0.11 0.64 0.02 0.06
0 0.07 0.61 0.02 0.06
0 0.15 0.53 0.02 0.06
0 0.27 0.51 0.03 0.06
0 0.33 0.47 0.02 0.06
0 0.16 0.45 0.02 0.05
0 0.13 0.45 0.02 0.06
0 0.11 0.47 0.02 0.04
0 0.06 0.38 0.01 0.05
0 0.09 0.33 0.02 0.06
0 0.02 0.2 0.01 0.03
0 0.03 0.22 0.01 0.03
0 0.06 0.13 0.01 0.03
0 0.01 0.14 0.01 0.03
0 0.13 0.12 0.02 0.03
0 0.26 0.26 0.02 0.04
0 0.26 0.28 0.02 0.04
0 0.29 0.34 0.03 0.05
0 0.38 0.31 0.02 0.06
0 0.35 0.24 0.02 0.05
0 0.42 0.32 0.02 0.04
0 0.39 0.41 0.01 0.04
0 0.44 0.3 0.03 0.07
0 0.49 0.23 0.03 0.05
0 0.51 0.3 0.01 0.04
0 0.53 0.16 0.01 0.04
0 0.43 0.17 0.02 0.03
0 0.65 0.33 0.02 0.05
0 0.71 0.29 0.02 0.04
0 0.74 0.38 0.02 0.04
0 0.72 0.59 0.03 0.07
0 0.77 0.73 0.02 0.06
0 0.76 0.87 0.02 0.06
0 0.86 0.96 0.03 0.07
0 0.82 0.26 0.02 0.05
0 0.85 0.23 0.02 0.05
0 0.78 0.06 0.02 0.05
0 0.93 0.48 0.02 0.04
