0 0.4 0.72 0.02 0.06
0 0.49 0.63 0.02 0.05
0 0.55 0.71 0.03 0.06
0 0.59 0.65 0.03 0.07
0 0.55 0.94 0.02 0.06
0 0.63 0.98 0.03 0.07
0 0.72 0.59 0.03 0.08
0 0.73 0.55 0.02 0.05
0 0.79 0.54 0.04 0.07
0 0.81 0.67 0.03 0.08
0 0.81 0.35 0.03 0.06
0 0.88 0.27 0.04 0.07
0 0.97 0.29 0.03 0.06
0 0.93 0.18 0.02 0.05
0 0.94 0.15 0.02 0.03
0 0.87 0.17 0.02 0.04
0 0.63 0.11 0.03 0.05
0 0.52 0.28 0.03 0.05
0 0.49 0.09 0.02 0.06
0 0.28 0.52 0.01 0.04
0 0.49 0.04 0.01 0.04
0 0.57 0.01 0.03 0.04
0 0.96 0.91 0.04 0.06
0 0.85 0.94 0.03 0.04
0 0.25 0.38 0.01 0.05
