0 0.17 0.42 0.02 0.06
0 0.15 0.41 0.02 0.04
0 0.11 0.39 0.02 0.05
0 0.33 0.53 0.02 0.06
0 0.32 0.6 0.02 0.04
0 0.4 0.52 0.02 0.06
0 0.46 0.54 0.02 0.05
0 0.5 0.46 0.02 0.04
0 0.56 0.45 0.01 0.05
0 0.55 0.38 0.02 0.05
0 0.59 0.4 0.02 0.05
0 0.49 0.75 0.02 0.05
0 0.6 0.62 0.01 0.04
0 0.73 0.66 0.02 0.06
0 0.84 0.63 0.02 0.07
0 0.73 0.53 0.01 0.03
0 0.77 0.48 0.02 0.05
0 0.79 0.44 0.02 0.05
0 0.65 0.36 0.02 0.04
0 0.61 0.35 0.02 0.05
0 0.58 0.25 0.01 0.04
0 0.73 0.32 0.01 0.03
0 0.74 0.3 0.01 0.03
0 0.82 0.28 0.02 0.04
0 0.89 0.42 0.02 0.04
0 0.91 0.44 0.02 0.04
0 0.82 0.41 0.02 0.03
0 0.93 0.52 0.02 0.05
0 0.99 0.37 0.02 0.05
0 0.99 0.23 0.02 0.04
0 0.91 0.24 0.02 0.05
0 0.77 0.21 0.01 0.03
0 0.75 0.22 0.01 0.03
0 0.61 0.17 0.02 0.04
0 0.61 0.12 0.01 0.03
0 0.56 0.14 0.02 0.04
0 0.53 0.19 0.02 0.04
0 0.42 0.17 0.02 0.04
0 0.39 0.18 0.02 0.03
0 0.39 0.24 0.02 0.04
0 0.27 0.27 0.02 0.03
0 0.3 0.17 0.01 0.03
0 0.32 0.14 0.01 0.03
0 0.26 0.12 0.02 0.03
0 0.37 0.34 0.02 0.03
0 0.19 0.28 0.01 0.03
0 0.16 0.26 0.01 0.03
0 0.82 0.55 0.02 0.05
