0 0.4 0.87 0.03 0.12
0 0.68 0.89 0.04 0.09
0 0.62 0.78 0.03 0.09
0 0.76 0.69 0.03 0.09
0 0.84 0.7 0.04 0.09
0 0.88 0.74 0.03 0.08
0 0.92 0.74 0.02 0.07
0 0.87 0.91 0.04 0.07
0 0.97 0.97 0.03 0.08
0 0.96 0.5 0.03 0.07
0 0.84 0.63 0.03 0.06
0 0.8 0.54 0.04 0.05
0 0.89 0.45 0.02 0.06
0 0.91 0.51 0.02 0.03
0 0.84 0.42 0.02 0.05
0 0.84 0.38 0.02 0.04
0 0.87 0.38 0.02 0.03
0 0.89 0.36 0.01 0.03
0 0.89 0.31 0.02 0.04
0 0.73 0.37 0.01 0.04
0 0.72 0.37 0.02 0.03
0 0.73 0.33 0.01 0.03
0 0.74 0.33 0.01 0.02
0 0.67 0.35 0.02 0.05
0 0.65 0.38 0.02 0.05
0 0.63 0.37 0.01 0.05
0 0.59 0.37 0.02 0.05
0 0.47 0.35 0.01 0.04
0 0.43 0.4 0.02 0.03
0 0.33 0.41 0.02 0.04
0 0.19 0.46 0.01 0.03
0 0.14 0.43 0.01 0.03
0 0.16 0.63 0.02 0.02
0 0.05 0.56 0.02 0.04
0 0.04 0.59 0.01 0.03
0 0.08 0.87 0.02 0.05
0 0.07 0.33 0.02 0.04
0 0.11 0.33 0.02 0.04
0 0.14 0.32 0.01 0.03
0 0.15 0.33 0.01 0.03
0 0.22 0.33 0.01 0.04
0 0.22 0.33 0.01 0.03
0 0.24 0.3 0.01 0.03
0 0.24 0.3 0.01 0.04
0 0.28 0.3 0.01 0.03
0 0.29 0.29 0.01 0.03
0 0.3 0.29 0.01 0.03
0 0.3 0.31 0.01 0.03
0 0.33 0.26 0.01 0.03
0 0.34 0.26 0.01 0.02
0 0.35 0.24 0.01 0.02
0 0.36 0.24 0.01 0.03
0 0.43 0.26 0.01 0.03
0 0.44 0.26 0.01 0.02
0 0.45 0.22 0.01 0.02
0 0.44 0.22 0.01 0.02
0 0.47 0.21 0.01 0.02
0 0.48 0.17 0.01 0.03
0 0.48 0.17 0.01 0.02
0 0.43 0.19 0.01 0.02
0 0.43 0.16 0.01 0.02
0 0.41 0.21 0.01 0.02
0 0.4 0.2 0.01 0.01
0 0.4 0.22 0.01 0.02
0 0.39 0.16 0.01 0.02
0 0.54 0.24 0.01 0.02
0 0.55 0.25 0.01 0.03
0 0.56 0.21 0.01 0.03
0 0.6 0.2 0.01 0.03
0 0.55 0.19 0.01 0.03
0 0.58 0.14 0.01 0.02
0 0.6 0.14 0.01 0.02
0 0.63 0.15 0.01 0.03
0 0.65 0.19 0.01 0.03
0 0.67 0.15 0.01 0.03
0 0.65 0.13 0.01 0.03
0 0.66 0.11 0.01 0.03
0 0.71 0.2 0.01 0.03
0 0.73 0.18 0.02 0.03
0 0.75 0.23 0.02 0.04
0 0.8 0.16 0.02 0.04
0 0.79 0.12 0.01 0.03
0 0.8 0.11 0.01 0.03
0 0.58 0.79 0.02 0.05
