0 0.67 0.69 0.02 0.09
0 0.65 0.68 0.02 0.09
0 0.88 0.76 0.02 0.09
0 0.53 0.57 0.02 0.08
0 0.49 0.68 0.03 0.09
0 0.47 0.76 0.02 0.06
0 0.44 0.69 0.02 0.05
0 0.4 0.51 0.02 0.04
0 0.49 0.38 0.02 0.07
0 0.47 0.33 0.02 0.05
0 0.36 0.35 0.02 0.05
0 0.19 0.33 0.03 0.06
0 0.16 0.28 0.01 0.04
0 0.1 0.34 0.02 0.06
0 0.67 0.34 0.02 0.03
0 0.76 0.36 0.02 0.04
0 0.46 0.28 0.01 0.03
0 0.53 0.24 0.02 0.04
0 0.6 0.2 0.01 0.05
0 0.33 0.28 0.01 0.03
0 0.31 0.26 0.01 0.03
0 0.27 0.2 0.01 0.03
0 0.34 0.19 0.02 0.04
0 0.18 0.17 0.02 0.04
0 0.21 0.18 0.01 0.04
0 0.22 0.17 0.01 0.03
0 0.22 0.14 0.01 0.04
0 0.25 0.09 0.01 0.03
0 0.34 0.1 0.02 0.04
0 0.36 0.13 0.01 0.03
0 0.37 0.12 0.01 0.03
0 0.41 0.15 0.01 0.03
0 0.41 0.07 0.01 0.03
0 0.42 0.12 0.01 0.03
0 0.43 0.11 0.01 0.03
0 0.48 0.1 0.02 0.03
0 0.51 0.09 0.01 0.03
0 0.56 0.1 0.01 0.02
0 0.58 0.06 0.01 0.03
0 0.58 0.07 0.01 0.02
0 0.61 0.09 0.02 0.03
0 0.63 0.03 0.01 0.02
0 0.62 0.02 0.01 0.02
0 0.64 0.08 0.01 0.03
0 0.67 0.1 0.01 0.04
0 0.66 0.02 0.01 0.03
0 0.71 0.13 0.01 0.04
0 0.71 0.17 0.01 0.04
0 0.73 0.17 0.01 0.04
0 0.74 0.18 0.02 0.06
0 0.77 0.15 0.01 0.04
0 0.8 0.09 0.01 0.04
0 0.91 0.11 0.02 0.04
0 0.97 0.08 0.02 0.04
0 0.92 0.08 0.01 0.03
0 0.89 0.04 0.01 0.02
0 0.83 0.1 0.01 0.04
0 0.14 0.06 0.02 0.05
0 0.85 0.09 0.01 0.03
0 0.96 0.02 0.01 0.03
